0.851734, 0.985097, 0.998502, 0.999849, 0.999985
0.851741, 0.985097, 0.998502, 0.999849, 0.999985
0.851762, 0.985099, 0.998502, 0.999849, 0.999985
0.851795, 0.985103, 0.998503, 0.999849, 0.999985
0.851843, 0.985107, 0.998503, 0.999850, 0.999985
0.851904, 0.985114, 0.998504, 0.999850, 0.999985
0.851978, 0.985121, 0.998504, 0.999850, 0.999985
0.852066, 0.985130, 0.998505, 0.999850, 0.999985
0.852168, 0.985140, 0.998506, 0.999850, 0.999985
0.852283, 0.985152, 0.998507, 0.999850, 0.999985
0.852411, 0.985165, 0.998509, 0.999850, 0.999985
0.852553, 0.985179, 0.998510, 0.999850, 0.999985
0.852708, 0.985194, 0.998512, 0.999850, 0.999985
0.852876, 0.985211, 0.998513, 0.999851, 0.999985
0.853058, 0.985230, 0.998515, 0.999851, 0.999985
0.853253, 0.985249, 0.998517, 0.999851, 0.999985
0.853462, 0.985270, 0.998519, 0.999851, 0.999985
0.853683, 0.985292, 0.998522, 0.999851, 0.999985
0.853918, 0.985316, 0.998524, 0.999852, 0.999985
0.854165, 0.985341, 0.998526, 0.999852, 0.999985
0.854426, 0.985367, 0.998529, 0.999852, 0.999985
0.854700, 0.985395, 0.998532, 0.999852, 0.999985
0.854987, 0.985423, 0.998535, 0.999853, 0.999985
0.855286, 0.985454, 0.998538, 0.999853, 0.999985
0.855599, 0.985485, 0.998541, 0.999853, 0.999985
0.855924, 0.985518, 0.998544, 0.999854, 0.999985
0.856261, 0.985552, 0.998548, 0.999854, 0.999985
0.856612, 0.985587, 0.998551, 0.999854, 0.999985
0.856975, 0.985623, 0.998555, 0.999855, 0.999985
0.857350, 0.985661, 0.998559, 0.999855, 0.999985
0.857738, 0.985700, 0.998563, 0.999856, 0.999985
0.858138, 0.985740, 0.998567, 0.999856, 0.999986
0.858550, 0.985782, 0.998571, 0.999856, 0.999986
0.858974, 0.985824, 0.998575, 0.999857, 0.999986
0.859411, 0.985868, 0.998579, 0.999857, 0.999986
0.859859, 0.985913, 0.998584, 0.999858, 0.999986
0.860319, 0.985960, 0.998589, 0.999858, 0.999986
0.860791, 0.986007, 0.998593, 0.999859, 0.999986
0.861275, 0.986056, 0.998598, 0.999859, 0.999986
0.861770, 0.986105, 0.998603, 0.999860, 0.999986
0.862277, 0.986156, 0.998608, 0.999860, 0.999986
0.862795, 0.986208, 0.998614, 0.999861, 0.999986
0.863324, 0.986262, 0.998619, 0.999861, 0.999986
0.863865, 0.986316, 0.998625, 0.999862, 0.999986
0.864416, 0.986371, 0.998630, 0.999862, 0.999986
0.864979, 0.986428, 0.998636, 0.999863, 0.999986
0.865552, 0.986486, 0.998642, 0.999863, 0.999986
0.866136, 0.986544, 0.998647, 0.999864, 0.999986
0.866731, 0.986604, 0.998653, 0.999865, 0.999986
0.867336, 0.986665, 0.998660, 0.999865, 0.999986
0.867951, 0.986727, 0.998666, 0.999866, 0.999987
0.868577, 0.986790, 0.998672, 0.999867, 0.999987
0.869212, 0.986853, 0.998679, 0.999867, 0.999987
0.869858, 0.986918, 0.998685, 0.999868, 0.999987
0.870513, 0.986984, 0.998692, 0.999868, 0.999987
0.871179, 0.987051, 0.998698, 0.999869, 0.999987
0.871853, 0.987119, 0.998705, 0.999870, 0.999987
0.872538, 0.987188, 0.998712, 0.999871, 0.999987
0.873231, 0.987257, 0.998719, 0.999871, 0.999987
0.873934, 0.987328, 0.998726, 0.999872, 0.999987
0.874646, 0.987400, 0.998733, 0.999873, 0.999987
0.875367, 0.987472, 0.998741, 0.999873, 0.999987
0.876096, 0.987545, 0.998748, 0.999874, 0.999987
0.876834, 0.987620, 0.998756, 0.999875, 0.999987
0.877581, 0.987695, 0.998763, 0.999876, 0.999988
0.878336, 0.987771, 0.998771, 0.999876, 0.999988
0.879099, 0.987847, 0.998778, 0.999877, 0.999988
0.879871, 0.987925, 0.998786, 0.999878, 0.999988
0.880650, 0.988003, 0.998794, 0.999879, 0.999988
0.881437, 0.988082, 0.998802, 0.999880, 0.999988
0.882232, 0.988162, 0.998810, 0.999880, 0.999988
0.883034, 0.988243, 0.998818, 0.999881, 0.999988
0.883843, 0.988324, 0.998826, 0.999882, 0.999988
0.884660, 0.988406, 0.998835, 0.999883, 0.999988
0.885484, 0.988489, 0.998843, 0.999884, 0.999988
0.886314, 0.988573, 0.998851, 0.999885, 0.999988
0.887152, 0.988657, 0.998860, 0.999885, 0.999988
0.887996, 0.988742, 0.998868, 0.999886, 0.999989
0.888846, 0.988827, 0.998877, 0.999887, 0.999989
0.889703, 0.988913, 0.998886, 0.999888, 0.999989
0.890566, 0.989000, 0.998894, 0.999889, 0.999989
0.891435, 0.989087, 0.998903, 0.999890, 0.999989
0.892309, 0.989175, 0.998912, 0.999891, 0.999989
0.893190, 0.989264, 0.998921, 0.999892, 0.999989
0.894075, 0.989353, 0.998930, 0.999892, 0.999989
0.894967, 0.989442, 0.998939, 0.999893, 0.999989
0.895863, 0.989532, 0.998948, 0.999894, 0.999989
0.896765, 0.989623, 0.998957, 0.999895, 0.999989
0.897671, 0.989714, 0.998966, 0.999896, 0.999990
0.898582, 0.989806, 0.998975, 0.999897, 0.999990
0.899498, 0.989898, 0.998985, 0.999898, 0.999990
0.900418, 0.989990, 0.998994, 0.999899, 0.999990
0.901343, 0.990083, 0.999003, 0.999900, 0.999990
0.902271, 0.990177, 0.999013, 0.999901, 0.999990
0.903204, 0.990270, 0.999022, 0.999902, 0.999990
0.904141, 0.990364, 0.999031, 0.999903, 0.999990
0.905081, 0.990459, 0.999041, 0.999904, 0.999990
0.906025, 0.990554, 0.999050, 0.999905, 0.999990
0.906972, 0.990649, 0.999060, 0.999906, 0.999991
0.907922, 0.990745, 0.999070, 0.999906, 0.999991
0.908876, 0.990840, 0.999079, 0.999907, 0.999991
0.909832, 0.990937, 0.999089, 0.999908, 0.999991
0.910792, 0.991033, 0.999099, 0.999909, 0.999991
0.911753, 0.991130, 0.999108, 0.999910, 0.999991
0.912718, 0.991227, 0.999118, 0.999911, 0.999991
0.913685, 0.991324, 0.999128, 0.999912, 0.999991
0.914654, 0.991421, 0.999138, 0.999913, 0.999991
0.915625, 0.991519, 0.999147, 0.999914, 0.999991
0.916598, 0.991617, 0.999157, 0.999915, 0.999991
0.917572, 0.991715, 0.999167, 0.999916, 0.999992
0.918549, 0.991813, 0.999177, 0.999917, 0.999992
0.919527, 0.991911, 0.999187, 0.999918, 0.999992
0.920506, 0.992009, 0.999197, 0.999919, 0.999992
0.921487, 0.992108, 0.999207, 0.999920, 0.999992
0.922468, 0.992207, 0.999217, 0.999921, 0.999992
0.923451, 0.992305, 0.999227, 0.999922, 0.999992
0.924434, 0.992404, 0.999236, 0.999923, 0.999992
0.925418, 0.992503, 0.999246, 0.999924, 0.999992
0.926403, 0.992602, 0.999256, 0.999925, 0.999992
0.927388, 0.992701, 0.999266, 0.999926, 0.999993
0.928373, 0.992800, 0.999276, 0.999927, 0.999993
0.929359, 0.992899, 0.999286, 0.999928, 0.999993
0.930344, 0.992998, 0.999296, 0.999929, 0.999993
0.931330, 0.993097, 0.999306, 0.999930, 0.999993
0.932315, 0.993196, 0.999316, 0.999931, 0.999993
0.933300, 0.993295, 0.999326, 0.999932, 0.999993
0.934284, 0.993394, 0.999336, 0.999933, 0.999993
0.935268, 0.993493, 0.999346, 0.999934, 0.999993
0.936252, 0.993592, 0.999356, 0.999935, 0.999993
0.937234, 0.993691, 0.999366, 0.999936, 0.999994
0.938216, 0.993790, 0.999376, 0.999937, 0.999994
0.939196, 0.993888, 0.999386, 0.999938, 0.999994
0.940176, 0.993987, 0.999396, 0.999939, 0.999994
0.941154, 0.994085, 0.999405, 0.999940, 0.999994
0.942130, 0.994183, 0.999415, 0.999941, 0.999994
0.943106, 0.994281, 0.999425, 0.999942, 0.999994
0.944080, 0.994379, 0.999435, 0.999943, 0.999994
0.945052, 0.994477, 0.999445, 0.999944, 0.999994
0.946022, 0.994574, 0.999455, 0.999945, 0.999994
0.946991, 0.994672, 0.999464, 0.999946, 0.999995
0.947957, 0.994769, 0.999474, 0.999947, 0.999995
0.948922, 0.994866, 0.999484, 0.999948, 0.999995
0.949884, 0.994962, 0.999494, 0.999949, 0.999995
0.950844, 0.995059, 0.999503, 0.999950, 0.999995
0.951802, 0.995155, 0.999513, 0.999951, 0.999995
0.952758, 0.995251, 0.999523, 0.999952, 0.999995
0.953711, 0.995347, 0.999532, 0.999953, 0.999995
0.954661, 0.995443, 0.999542, 0.999954, 0.999995
0.955609, 0.995538, 0.999551, 0.999955, 0.999995
0.956554, 0.995633, 0.999561, 0.999956, 0.999996
0.957496, 0.995728, 0.999571, 0.999957, 0.999996
0.958435, 0.995822, 0.999580, 0.999958, 0.999996
0.959372, 0.995916, 0.999589, 0.999959, 0.999996
0.960305, 0.996010, 0.999599, 0.999960, 0.999996
0.961236, 0.996103, 0.999608, 0.999961, 0.999996
0.962163, 0.996197, 0.999618, 0.999962, 0.999996
0.963087, 0.996290, 0.999627, 0.999963, 0.999996
0.964007, 0.996382, 0.999636, 0.999963, 0.999996
0.964925, 0.996474, 0.999646, 0.999964, 0.999996
0.965839, 0.996566, 0.999655, 0.999965, 0.999997
0.966749, 0.996658, 0.999664, 0.999966, 0.999997
0.967656, 0.996749, 0.999673, 0.999967, 0.999997
0.968560, 0.996840, 0.999682, 0.999968, 0.999997
0.969460, 0.996930, 0.999691, 0.999969, 0.999997
0.970356, 0.997020, 0.999700, 0.999970, 0.999997
0.971249, 0.997110, 0.999710, 0.999971, 0.999997
0.972138, 0.997199, 0.999718, 0.999972, 0.999997
0.973023, 0.997288, 0.999727, 0.999973, 0.999997
0.973904, 0.997377, 0.999736, 0.999973, 0.999997
0.974782, 0.997465, 0.999745, 0.999974, 0.999997
0.975655, 0.997553, 0.999754, 0.999975, 0.999998
0.976525, 0.997640, 0.999763, 0.999976, 0.999998
0.977391, 0.997727, 0.999772, 0.999977, 0.999998
0.978253, 0.997814, 0.999780, 0.999978, 0.999998
0.979111, 0.997900, 0.999789, 0.999979, 0.999998
0.979965, 0.997986, 0.999798, 0.999980, 0.999998
0.980815, 0.998072, 0.999806, 0.999981, 0.999998
0.981661, 0.998157, 0.999815, 0.999981, 0.999998
0.982502, 0.998241, 0.999823, 0.999982, 0.999998
0.983340, 0.998325, 0.999832, 0.999983, 0.999998
0.984174, 0.998409, 0.999840, 0.999984, 0.999998
0.985004, 0.998493, 0.999848, 0.999985, 0.999998
0.985829, 0.998576, 0.999857, 0.999986, 0.999999
0.986651, 0.998658, 0.999865, 0.999986, 0.999999
0.987468, 0.998740, 0.999873, 0.999987, 0.999999
0.988282, 0.998822, 0.999882, 0.999988, 0.999999
0.989091, 0.998903, 0.999890, 0.999989, 0.999999
0.989896, 0.998984, 0.999898, 0.999990, 0.999999
0.990697, 0.999065, 0.999906, 0.999991, 0.999999
0.991494, 0.999145, 0.999914, 0.999991, 0.999999
0.992287, 0.999225, 0.999922, 0.999992, 0.999999
0.993076, 0.999304, 0.999930, 0.999993, 0.999999
0.993861, 0.999383, 0.999938, 0.999994, 0.999999
0.994642, 0.999461, 0.999946, 0.999995, 0.999999
0.995420, 0.999540, 0.999954, 0.999995, 1.000000
0.996193, 0.999617, 0.999962, 0.999996, 1.000000
0.996962, 0.999695, 0.999969, 0.999997, 1.000000
0.997727, 0.999772, 0.999977, 0.999998, 1.000000
0.998489, 0.999848, 0.999985, 0.999998, 1.000000
0.999246, 0.999924, 0.999992, 0.999999, 1.000000
1.000000, 1.000000, 1.000000, 1.000000, 1.000000
